1 -0.0280506 -0.00710639
2 -0.0280506 -0.00710639
3 -0.0280506 -0.00713724
4 -0.0280506 -0.00713724
5 -0.0280506 -0.00713724
6 -0.0280506 -0.00713724
7 -0.0280506 -0.00713724
8 -0.0221583 -0.00568855
9 -0.0180167 -0.00465315
10 -0.014911 -0.00387673
11 -0.0124717 -0.00326689
12 -0.0111114 -0.00293905
13 -0.0209979 -0.00543378
14 -0.0350216 -0.0089397
15 -0.0567529 -0.0143725
16 -0.0837704 -0.021219
17 -0.0191861 -0.00507296
18 0.093455 0.0231901
19 0.134404 0.0334273
20 0.119034 0.0295848
21 0.0700679 0.0174204
22 0.00809385 0.00192689
23 0.0718508 0.0178661
24 0.0834398 0.0208552
25 0.0568572 0.0142095
26 0.0163475 0.00410008
27 -0.03224 -0.0080468
28 -0.0777231 -0.0194176
29 -0.11599 -0.029112
30 -0.138372 -0.0347073
31 -0.150477 -0.0378991
32 -0.152902 -0.0385053
33 -0.148024 -0.0372859
34 -0.136754 -0.0346188
35 -0.118091 -0.0299532
36 -0.0955365 -0.0243145
37 -0.0777695 -0.0199583
38 -0.138879 -0.0352355
39 -0.251379 -0.0636372
40 -0.286094 -0.0723159
41 -0.268435 -0.0679011
42 -0.214445 -0.0546394
43 -0.15129 -0.0388508
44 -0.210923 -0.0539911
45 -0.215001 -0.0550105
46 -0.184883 -0.047481
47 -0.13045 -0.0340163
48 -0.0799084 -0.0213809
49 -0.0304089 -0.00903949
50 0.0141408 0.00209795
51 -0.0317934 -0.00942058
52 0.0547818 0.0122232
53 0.123188 0.0294603
54 0.172875 0.0418821
55 0.203883 0.049634
56 0.205092 0.0499362
57 0.205287 0.0502109
58 0.205296 0.0502131
59 0.205318 0.0502185
60 0.205342 0.0502245
61 0.20536 0.050229
62 0.20396 0.0501034
63 0.202784 0.0498096
64 0.201833 0.0495716
65 0.201228 0.0494204
66 0.0407651 0.00934955
67 0.0398489 0.00916434
68 0.0388048 0.00890331
69 0.037811 0.00865487
70 0.037455 0.00860707
71 0.0386328 0.00890152
72 0.0397733 0.00923041
73 0.0409984 0.00953668
74 0.0421713 0.00982991
75 0.044194 0.0103842
76 0.0481633 0.0113765
77 0.0526613 0.012501
78 0.0520164 0.012397
79 -0.0236319 -0.00651506
80 -0.0630572 -0.0164408
81 -0.0701534 -0.0182148
82 -0.0585668 -0.0153182
83 -0.0344763 -0.00933347
84 -0.00647086 -0.0023321
85 0.105043 0.025662
86 0.169637 0.0418105
87 0.194993 0.0481495
88 0.191283 0.0474324
89 0.169566 0.0420031
90 0.139079 0.0343813
91 0.105888 0.0262
92 0.0779645 0.0192192
93 0.0574268 0.0141479
94 0.0428662 0.0105078
95 0.0350027 0.00854191
96 0.0326984 0.00800179
97 0.0340816 0.00834759
98 0.0375721 0.00922022
99 0.0419853 0.0103697
100 0.0465452 0.0115097
101 0.0499529 0.0123616
102 0.0524145 0.0130347
103 0.0537605 0.0133711
104 0.0533199 0.013261
105 0.0523166 0.0130677
106 0.0471794 0.0117834
107 0.0440015 0.0110374
108 0.0417663 0.0104786
109 0.0510908 0.0128097
