1 -9.17884e-08 1.9428e-08 0
2 -8.23286e-08 1.74414e-08 0
3 -1.20367e-07 2.55378e-08 0
4 -7.74427e-08 1.65237e-08 0
5 -1.25791e-07 2.66769e-08 0
6 -4.63964e-08 1.0004e-08 0
7 -1.30969e-07 2.77642e-08 0
8 2.24768 0 0.474036
9 3 0 0.632023
10 3 0 0.632023
11 3 0 0.632023
12 1.03335 0 0.219955
13 0.553434 0 0.119672
14 0.650664 0 0.14009
15 0.858704 0 0.183779
16 0.978642 0 0.209847
17 1.01802 0 0.218117
18 1.01962 0 0.21937
19 1.02732 0 0.220986
20 1.0306 0 0.221676
21 1.00155 0 0.216477
22 1.01295 0 0.21887
23 1.00973 0 0.218194
24 1.00913 0 0.218976
25 0.994027 0 0.215805
26 1.0059 0 0.219204
27 1.00911 0 0.219877
28 0.9897 0 0.215801
29 0.98699 0 0.216121
30 0.989732 0 0.216696
31 1.00095 0 0.219952
32 0.991732 0 0.218017
33 0.986867 0 0.216996
34 0.997295 0 0.220083
35 0.987783 0 0.218085
36 0.981914 0 0.216853
37 0.98107 0 0.217559
38 0.980857 0 0.217514
39 0.980661 0 0.218355
40 0.98136 0 0.218502
41 0.982436 0 0.218728
42 0.978718 0 0.218828
43 0.991356 0 0.221482
44 0.982823 0 0.220575
45 0.0339536 0 0.0213123
46 -0.881134 0.170856 0
47 0.99114 0 0.223213
48 0.961718 0 0.217035
49 0.887366 0 0.20222
50 0.630626 0 0.148304
51 0.660651 0 0.155204
52 0.595318 0 0.141484
53 0.698133 0 0.163704
54 0.669595 0 0.157711
55 0.6318 0 0.149774
56 -0.270968 0.0398077 0
57 -0.00391421 0 0.0162701
58 -0.0450951 0 0.0076221
59 -0.00285837 0 0.0164918
60 -0.0095098 0 0.015095
61 -0.0400808 0 0.0086751
62 2.20999 0 0.483179
63 2.96481 0 0.641692
64 2.90527 0 0.629187
65 2.45552 0 0.534741
66 0.343325 0 0.0914884
67 0.150819 0 0.0511978
68 0.512343 0 0.127118
69 0.819343 0 0.191588
70 0.950899 0 0.22007
71 0.994113 0 0.229145
72 0.97485 0 0.225977
73 0.972708 0 0.225528
74 0.947259 0 0.220183
75 0.941095 0 0.219736
76 0.956477 0 0.222966
77 0.943411 0 0.220222
78 0.941808 0 0.220733
79 0.944364 0 0.22127
80 0.949561 0 0.223216
81 0.943734 0 0.221992
82 0.937767 0 0.220739
83 0.935796 0 0.221168
84 0.94106 0 0.222273
85 0.952411 0 0.225514
86 0.949757 0 0.224957
87 0.93666 0 0.222206
88 0.934003 0 0.222489
89 0.946151 0 0.22504
90 0.938081 0 0.223345
91 0.924772 0 0.221383
92 0.924572 0 0.221341
93 0.928131 0 0.222923
94 0.925288 0 0.222326
95 0.936613 0 0.224704
96 0.935401 0 0.225292
97 0.930597 0 0.224283
98 0.93562 0 0.225338
99 0.925306 0 0.224005
100 0.918918 0 0.222663
101 0.915012 0 0.221843
102 0.91482 0 0.222626
103 0.918355 0 0.223368
104 0.914933 0 0.22265
105 2.98124 0 0.659256
106 -0.0325662 0 0.026358
107 0.996026 0 0.243259
108 0.991714 0 0.242353
109 0.995109 0 0.243066
